{
 "cells": [
  {
   "cell_type": "code",
   "execution_count": 1,
   "metadata": {},
   "outputs": [
    {
     "name": "stdout",
     "output_type": "stream",
     "text": [
      "Jupyter environment detected. Enabling Open3D WebVisualizer.\n",
      "[Open3D INFO] WebRTC GUI backend enabled.\n",
      "[Open3D INFO] WebRTCWindowSystem: HTTP handshake server disabled.\n"
     ]
    }
   ],
   "source": [
    "import numpy as np\n",
    "import pandas as pd\n",
    "from scipy.stats import ortho_group\n",
    "import open3d as o3d\n",
    "import copy\n",
    "import os"
   ]
  },
  {
   "cell_type": "code",
   "execution_count": 2,
   "metadata": {},
   "outputs": [],
   "source": [
    "def transformation(seed=None):\n",
    "    if seed == None:\n",
    "        pass\n",
    "    else: \n",
    "        np.random.seed(seed)\n",
    "\n",
    "    rotation = ortho_group.rvs(dim=3)\n",
    "    tranlate = np.random.rand(3)\n",
    "    transform = np.eye(4)\n",
    "    transform[:3, :3] = rotation\n",
    "    transform[:3, 3] = tranlate\n",
    "\n",
    "    print(transform)\n",
    "\n",
    "    return transform"
   ]
  },
  {
   "cell_type": "code",
   "execution_count": 3,
   "metadata": {},
   "outputs": [],
   "source": [
    "pcd1 = o3d.io.read_point_cloud(\"selected_pcds/pointcloud_0000.pcd\")\n",
    "pcd2 = o3d.io.read_point_cloud(\"selected_pcds/pointcloud_0004.pcd\")"
   ]
  },
  {
   "cell_type": "code",
   "execution_count": 4,
   "metadata": {},
   "outputs": [
    {
     "name": "stdout",
     "output_type": "stream",
     "text": [
      "[[ 0.22081075 -0.29306608  0.93024453  0.18182497]\n",
      " [ 0.6770521  -0.64047179 -0.36248634  0.18340451]\n",
      " [ 0.70202783  0.70986489  0.05699795  0.30424224]\n",
      " [ 0.          0.          0.          1.        ]]\n"
     ]
    }
   ],
   "source": [
    "reg_p2p = o3d.pipelines.registration.registration_icp(\n",
    "    pcd1, pcd2, 0.05, transformation(42))"
   ]
  },
  {
   "cell_type": "code",
   "execution_count": 5,
   "metadata": {},
   "outputs": [
    {
     "name": "stdout",
     "output_type": "stream",
     "text": [
      "[[ 0.19243586 -0.34810202  0.91749301  0.15078783]\n",
      " [ 0.67867441 -0.62809781 -0.38064968  0.17033794]\n",
      " [ 0.70878028  0.69592968  0.11537939  0.29089969]\n",
      " [ 0.          0.          0.          1.        ]]\n",
      "0.015361117172157976\n",
      "0.031172835853675297\n"
     ]
    }
   ],
   "source": [
    "print(reg_p2p.transformation)\n",
    "print(reg_p2p.fitness)\n",
    "print(reg_p2p.inlier_rmse)"
   ]
  },
  {
   "cell_type": "code",
   "execution_count": 6,
   "metadata": {},
   "outputs": [],
   "source": [
    "def best_hyper(pcd1, pcd2):\n",
    "    thresh = [0.05, 0.1, 0.2, 0.4]\n",
    "    init = [\"orthogonal\", \"ransac\"]\n",
    "    max_iters = [100, 200, 500]\n",
    "\n",
    "    results = []\n",
    "\n",
    "    best_error = 1e6\n",
    "    curr_idx = 0\n",
    "    best_idx = 0\n",
    "    best_transformation = transformation()\n",
    "\n",
    "    for i in thresh:\n",
    "        for j in max_iters:\n",
    "            for k in init:\n",
    "                if k == \"orthogonal\":\n",
    "                    init_trans = transformation()\n",
    "                elif k == \"ransac\":\n",
    "                    voxel_size = 0.05\n",
    "\n",
    "                    src_ds = pcd1.voxel_down_sample(voxel_size)\n",
    "                    tar_ds = pcd2.voxel_down_sample(voxel_size)\n",
    "\n",
    "                    src_ds.estimate_normals(\n",
    "                        o3d.geometry.KDTreeSearchParamHybrid(radius=voxel_size*2, max_nn = 20))\n",
    "                    tar_ds.estimate_normals(\n",
    "                        o3d.geometry.KDTreeSearchParamHybrid(radius=voxel_size*2, max_nn = 20))\n",
    "                    \n",
    "                    src_fpfh = o3d.pipelines.registration.compute_fpfh_feature(\n",
    "                        src_ds,\n",
    "                        o3d.geometry.KDTreeSearchParamHybrid(radius=voxel_size*5, max_nn=50))\n",
    "                    tar_fpfh = o3d.pipelines.registration.compute_fpfh_feature(\n",
    "                        tar_ds,\n",
    "                        o3d.geometry.KDTreeSearchParamHybrid(radius=voxel_size*5, max_nn=50))\n",
    "                    \n",
    "                    init_result = o3d.pipelines.registration.registration_ransac_based_on_feature_matching(\n",
    "                        src_ds, tar_ds,\n",
    "                        src_fpfh, tar_fpfh,\n",
    "                        mutual_filter=True,\n",
    "                        max_correspondence_distance=voxel_size * 1.5,\n",
    "                        estimation_method=o3d.pipelines.registration.TransformationEstimationPointToPoint(False),\n",
    "                        ransac_n=3,\n",
    "                        checkers=[\n",
    "                            o3d.pipelines.registration.CorrespondenceCheckerBasedOnEdgeLength(0.9),\n",
    "                            o3d.pipelines.registration.CorrespondenceCheckerBasedOnDistance(voxel_size * 1.5)\n",
    "                        ],\n",
    "                        criteria=o3d.pipelines.registration.RANSACConvergenceCriteria(100000, 0.999)\n",
    "                    )\n",
    "\n",
    "                    init_trans = init_result.transformation\n",
    "                \n",
    "                hyp_reg_p2p = o3d.pipelines.registration.registration_icp(pcd1, pcd2, 0.05, init_trans)\n",
    "                evaluation_initial = o3d.pipelines.registration.evaluate_registration(pcd1, pcd2, i, init_trans)\n",
    "                evaluation_icp = o3d.pipelines.registration.evaluate_registration(pcd1, pcd2, i, hyp_reg_p2p.transformation)\n",
    "\n",
    "                if evaluation_icp.inlier_rmse< best_error:\n",
    "                    best_error = evaluation_icp.inlier_rmse\n",
    "                    best_idx = curr_idx\n",
    "                    best_transformation = evaluation_icp.transformation\n",
    "\n",
    "                results.append({\n",
    "                    \"Thresh\": i,\n",
    "                    \"Max Iter\": j,\n",
    "                    \"Initialization\": k,\n",
    "                    \"Initial Fitness\": evaluation_initial.fitness,\n",
    "                    \"Initial RMSE\": evaluation_initial.inlier_rmse,\n",
    "                    \"ICP Fitness\": evaluation_icp.fitness,\n",
    "                    \"ICP RMSE\": evaluation_icp.inlier_rmse\n",
    "                })\n",
    "\n",
    "                curr_idx+=1\n",
    "    \n",
    "    return best_transformation, best_idx, results\n",
    "\n",
    "        "
   ]
  },
  {
   "cell_type": "code",
   "execution_count": 7,
   "metadata": {},
   "outputs": [
    {
     "name": "stdout",
     "output_type": "stream",
     "text": [
      "[[ 0.44121921 -0.71729698  0.53926862  0.78517596]\n",
      " [ 0.66394725 -0.14335508 -0.73390965  0.19967378]\n",
      " [-0.60373807 -0.68186095 -0.41299635  0.51423444]\n",
      " [ 0.          0.          0.          1.        ]]\n",
      "[[-0.60880873 -0.72508432 -0.32187678  0.03438852]\n",
      " [ 0.42016071  0.04945008 -0.90610136  0.9093204 ]\n",
      " [-0.67291672  0.68688239 -0.2745463   0.25877998]\n",
      " [ 0.          0.          0.          1.        ]]\n",
      "[[-0.34110341 -0.53087909  0.77576791  0.27134903]\n",
      " [ 0.89598399  0.06603208  0.4391497   0.82873751]\n",
      " [ 0.28436096 -0.84487109 -0.4531354   0.35675333]\n",
      " [ 0.          0.          0.          1.        ]]\n",
      "[[ 0.29803083 -0.94356094 -0.14446586  0.86310343]\n",
      " [-0.33399384 -0.24485506  0.91021652  0.62329813]\n",
      " [ 0.89421795  0.22302188  0.3881179   0.33089802]\n",
      " [ 0.          0.          0.          1.        ]]\n",
      "[[-0.24636351 -0.48018499 -0.84185948  0.71324479]\n",
      " [ 0.93993348  0.09339208 -0.32833364  0.76078505]\n",
      " [ 0.2362839  -0.87218134  0.42833355  0.5612772 ]\n",
      " [ 0.          0.          0.          1.        ]]\n",
      "[[-0.04327942  0.61669649 -0.78601039  0.41038292]\n",
      " [ 0.99289422  0.11384392  0.03465     0.75555114]\n",
      " [ 0.11085104 -0.77892554 -0.61724148  0.22879817]\n",
      " [ 0.          0.          0.          1.        ]]\n",
      "[[ 0.51657984 -0.76172199 -0.3910561   0.8960913 ]\n",
      " [ 0.72536818  0.14664407  0.67255967  0.31800347]\n",
      " [ 0.45495744  0.63109042 -0.62828227  0.11005192]\n",
      " [ 0.          0.          0.          1.        ]]\n",
      "[[-0.26285968 -0.9633942   0.05269149  0.9429097 ]\n",
      " [ 0.17500505 -0.10131337 -0.97934102  0.32320293]\n",
      " [-0.94882982  0.24820799 -0.19523005  0.51879062]\n",
      " [ 0.          0.          0.          1.        ]]\n",
      "[[-0.62854241 -0.32767306  0.70538274  0.50267902]\n",
      " [-0.01453359 -0.90181707 -0.43187353  0.05147875]\n",
      " [-0.77763952  0.28170257 -0.56206801  0.27864646]\n",
      " [ 0.          0.          0.          1.        ]]\n",
      "[[-0.13505942  0.66593356  0.73368348  0.63352971]\n",
      " [-0.82054577 -0.49022675  0.29390877  0.53577468]\n",
      " [ 0.55539498 -0.56232573  0.6126387   0.09028977]\n",
      " [ 0.          0.          0.          1.        ]]\n",
      "[[-0.62621926  0.06186948  0.77718827  0.17436643]\n",
      " [ 0.76235552  0.25737193  0.59377921  0.69093774]\n",
      " [-0.16328963  0.96432975 -0.2083378   0.38673535]\n",
      " [ 0.          0.          0.          1.        ]]\n",
      "[[-0.36080775 -0.91951945  0.15589021  0.33902979]\n",
      " [-0.56700098  0.34898016  0.74613855  0.34920957]\n",
      " [-0.7404915   0.18082267 -0.64728317  0.72595568]\n",
      " [ 0.          0.          0.          1.        ]]\n",
      "[[ 0.53404532  0.58748809  0.60799124  0.22426931]\n",
      " [ 0.15457234  0.639161   -0.75337946  0.71217922]\n",
      " [-0.83120574  0.4963174   0.25053153  0.23724909]\n",
      " [ 0.          0.          0.          1.        ]]\n"
     ]
    },
    {
     "data": {
      "text/html": [
       "<div>\n",
       "<style scoped>\n",
       "    .dataframe tbody tr th:only-of-type {\n",
       "        vertical-align: middle;\n",
       "    }\n",
       "\n",
       "    .dataframe tbody tr th {\n",
       "        vertical-align: top;\n",
       "    }\n",
       "\n",
       "    .dataframe thead th {\n",
       "        text-align: right;\n",
       "    }\n",
       "</style>\n",
       "<table border=\"1\" class=\"dataframe\">\n",
       "  <thead>\n",
       "    <tr style=\"text-align: right;\">\n",
       "      <th></th>\n",
       "      <th>Thresh</th>\n",
       "      <th>Max Iter</th>\n",
       "      <th>Initialization</th>\n",
       "      <th>Initial Fitness</th>\n",
       "      <th>Initial RMSE</th>\n",
       "      <th>ICP Fitness</th>\n",
       "      <th>ICP RMSE</th>\n",
       "    </tr>\n",
       "  </thead>\n",
       "  <tbody>\n",
       "    <tr>\n",
       "      <th>0</th>\n",
       "      <td>0.05</td>\n",
       "      <td>100</td>\n",
       "      <td>orthogonal</td>\n",
       "      <td>0.008161</td>\n",
       "      <td>0.037088</td>\n",
       "      <td>0.011215</td>\n",
       "      <td>0.032619</td>\n",
       "    </tr>\n",
       "    <tr>\n",
       "      <th>1</th>\n",
       "      <td>0.05</td>\n",
       "      <td>100</td>\n",
       "      <td>ransac</td>\n",
       "      <td>0.984901</td>\n",
       "      <td>0.014183</td>\n",
       "      <td>0.986166</td>\n",
       "      <td>0.012467</td>\n",
       "    </tr>\n",
       "    <tr>\n",
       "      <th>2</th>\n",
       "      <td>0.05</td>\n",
       "      <td>200</td>\n",
       "      <td>orthogonal</td>\n",
       "      <td>0.009383</td>\n",
       "      <td>0.034817</td>\n",
       "      <td>0.011783</td>\n",
       "      <td>0.029313</td>\n",
       "    </tr>\n",
       "    <tr>\n",
       "      <th>3</th>\n",
       "      <td>0.05</td>\n",
       "      <td>200</td>\n",
       "      <td>ransac</td>\n",
       "      <td>0.985599</td>\n",
       "      <td>0.014247</td>\n",
       "      <td>0.986166</td>\n",
       "      <td>0.012467</td>\n",
       "    </tr>\n",
       "    <tr>\n",
       "      <th>4</th>\n",
       "      <td>0.05</td>\n",
       "      <td>500</td>\n",
       "      <td>orthogonal</td>\n",
       "      <td>0.037399</td>\n",
       "      <td>0.031518</td>\n",
       "      <td>0.046171</td>\n",
       "      <td>0.031595</td>\n",
       "    </tr>\n",
       "    <tr>\n",
       "      <th>5</th>\n",
       "      <td>0.05</td>\n",
       "      <td>500</td>\n",
       "      <td>ransac</td>\n",
       "      <td>0.979402</td>\n",
       "      <td>0.021844</td>\n",
       "      <td>0.986166</td>\n",
       "      <td>0.012466</td>\n",
       "    </tr>\n",
       "    <tr>\n",
       "      <th>6</th>\n",
       "      <td>0.10</td>\n",
       "      <td>100</td>\n",
       "      <td>orthogonal</td>\n",
       "      <td>0.052324</td>\n",
       "      <td>0.065367</td>\n",
       "      <td>0.062099</td>\n",
       "      <td>0.062406</td>\n",
       "    </tr>\n",
       "    <tr>\n",
       "      <th>7</th>\n",
       "      <td>0.10</td>\n",
       "      <td>100</td>\n",
       "      <td>ransac</td>\n",
       "      <td>0.997425</td>\n",
       "      <td>0.020588</td>\n",
       "      <td>0.997731</td>\n",
       "      <td>0.014403</td>\n",
       "    </tr>\n",
       "    <tr>\n",
       "      <th>8</th>\n",
       "      <td>0.10</td>\n",
       "      <td>200</td>\n",
       "      <td>orthogonal</td>\n",
       "      <td>0.050404</td>\n",
       "      <td>0.070683</td>\n",
       "      <td>0.062055</td>\n",
       "      <td>0.057197</td>\n",
       "    </tr>\n",
       "    <tr>\n",
       "      <th>9</th>\n",
       "      <td>0.10</td>\n",
       "      <td>200</td>\n",
       "      <td>ransac</td>\n",
       "      <td>0.997600</td>\n",
       "      <td>0.015749</td>\n",
       "      <td>0.997818</td>\n",
       "      <td>0.014430</td>\n",
       "    </tr>\n",
       "    <tr>\n",
       "      <th>10</th>\n",
       "      <td>0.10</td>\n",
       "      <td>500</td>\n",
       "      <td>orthogonal</td>\n",
       "      <td>0.067685</td>\n",
       "      <td>0.064109</td>\n",
       "      <td>0.087017</td>\n",
       "      <td>0.055609</td>\n",
       "    </tr>\n",
       "    <tr>\n",
       "      <th>11</th>\n",
       "      <td>0.10</td>\n",
       "      <td>500</td>\n",
       "      <td>ransac</td>\n",
       "      <td>0.997731</td>\n",
       "      <td>0.015436</td>\n",
       "      <td>0.997731</td>\n",
       "      <td>0.014403</td>\n",
       "    </tr>\n",
       "    <tr>\n",
       "      <th>12</th>\n",
       "      <td>0.20</td>\n",
       "      <td>100</td>\n",
       "      <td>orthogonal</td>\n",
       "      <td>0.064761</td>\n",
       "      <td>0.109226</td>\n",
       "      <td>0.077766</td>\n",
       "      <td>0.104270</td>\n",
       "    </tr>\n",
       "    <tr>\n",
       "      <th>13</th>\n",
       "      <td>0.20</td>\n",
       "      <td>100</td>\n",
       "      <td>ransac</td>\n",
       "      <td>0.999607</td>\n",
       "      <td>0.018714</td>\n",
       "      <td>0.999607</td>\n",
       "      <td>0.015428</td>\n",
       "    </tr>\n",
       "    <tr>\n",
       "      <th>14</th>\n",
       "      <td>0.20</td>\n",
       "      <td>200</td>\n",
       "      <td>orthogonal</td>\n",
       "      <td>0.042592</td>\n",
       "      <td>0.126110</td>\n",
       "      <td>0.060964</td>\n",
       "      <td>0.133518</td>\n",
       "    </tr>\n",
       "    <tr>\n",
       "      <th>15</th>\n",
       "      <td>0.20</td>\n",
       "      <td>200</td>\n",
       "      <td>ransac</td>\n",
       "      <td>0.999695</td>\n",
       "      <td>0.023770</td>\n",
       "      <td>0.999607</td>\n",
       "      <td>0.015425</td>\n",
       "    </tr>\n",
       "    <tr>\n",
       "      <th>16</th>\n",
       "      <td>0.20</td>\n",
       "      <td>500</td>\n",
       "      <td>orthogonal</td>\n",
       "      <td>0.140607</td>\n",
       "      <td>0.120251</td>\n",
       "      <td>0.149640</td>\n",
       "      <td>0.117558</td>\n",
       "    </tr>\n",
       "    <tr>\n",
       "      <th>17</th>\n",
       "      <td>0.20</td>\n",
       "      <td>500</td>\n",
       "      <td>ransac</td>\n",
       "      <td>0.999651</td>\n",
       "      <td>0.016404</td>\n",
       "      <td>0.999607</td>\n",
       "      <td>0.015426</td>\n",
       "    </tr>\n",
       "    <tr>\n",
       "      <th>18</th>\n",
       "      <td>0.40</td>\n",
       "      <td>100</td>\n",
       "      <td>orthogonal</td>\n",
       "      <td>0.125376</td>\n",
       "      <td>0.229788</td>\n",
       "      <td>0.123456</td>\n",
       "      <td>0.225212</td>\n",
       "    </tr>\n",
       "    <tr>\n",
       "      <th>19</th>\n",
       "      <td>0.40</td>\n",
       "      <td>100</td>\n",
       "      <td>ransac</td>\n",
       "      <td>0.999956</td>\n",
       "      <td>0.017369</td>\n",
       "      <td>0.999956</td>\n",
       "      <td>0.016136</td>\n",
       "    </tr>\n",
       "    <tr>\n",
       "      <th>20</th>\n",
       "      <td>0.40</td>\n",
       "      <td>200</td>\n",
       "      <td>orthogonal</td>\n",
       "      <td>0.159372</td>\n",
       "      <td>0.233653</td>\n",
       "      <td>0.154571</td>\n",
       "      <td>0.232960</td>\n",
       "    </tr>\n",
       "    <tr>\n",
       "      <th>21</th>\n",
       "      <td>0.40</td>\n",
       "      <td>200</td>\n",
       "      <td>ransac</td>\n",
       "      <td>0.999956</td>\n",
       "      <td>0.017124</td>\n",
       "      <td>0.999956</td>\n",
       "      <td>0.016136</td>\n",
       "    </tr>\n",
       "    <tr>\n",
       "      <th>22</th>\n",
       "      <td>0.40</td>\n",
       "      <td>500</td>\n",
       "      <td>orthogonal</td>\n",
       "      <td>0.201178</td>\n",
       "      <td>0.244707</td>\n",
       "      <td>0.221863</td>\n",
       "      <td>0.241772</td>\n",
       "    </tr>\n",
       "    <tr>\n",
       "      <th>23</th>\n",
       "      <td>0.40</td>\n",
       "      <td>500</td>\n",
       "      <td>ransac</td>\n",
       "      <td>0.999956</td>\n",
       "      <td>0.018497</td>\n",
       "      <td>0.999956</td>\n",
       "      <td>0.016140</td>\n",
       "    </tr>\n",
       "  </tbody>\n",
       "</table>\n",
       "</div>"
      ],
      "text/plain": [
       "    Thresh  Max Iter Initialization  Initial Fitness  Initial RMSE  \\\n",
       "0     0.05       100     orthogonal         0.008161      0.037088   \n",
       "1     0.05       100         ransac         0.984901      0.014183   \n",
       "2     0.05       200     orthogonal         0.009383      0.034817   \n",
       "3     0.05       200         ransac         0.985599      0.014247   \n",
       "4     0.05       500     orthogonal         0.037399      0.031518   \n",
       "5     0.05       500         ransac         0.979402      0.021844   \n",
       "6     0.10       100     orthogonal         0.052324      0.065367   \n",
       "7     0.10       100         ransac         0.997425      0.020588   \n",
       "8     0.10       200     orthogonal         0.050404      0.070683   \n",
       "9     0.10       200         ransac         0.997600      0.015749   \n",
       "10    0.10       500     orthogonal         0.067685      0.064109   \n",
       "11    0.10       500         ransac         0.997731      0.015436   \n",
       "12    0.20       100     orthogonal         0.064761      0.109226   \n",
       "13    0.20       100         ransac         0.999607      0.018714   \n",
       "14    0.20       200     orthogonal         0.042592      0.126110   \n",
       "15    0.20       200         ransac         0.999695      0.023770   \n",
       "16    0.20       500     orthogonal         0.140607      0.120251   \n",
       "17    0.20       500         ransac         0.999651      0.016404   \n",
       "18    0.40       100     orthogonal         0.125376      0.229788   \n",
       "19    0.40       100         ransac         0.999956      0.017369   \n",
       "20    0.40       200     orthogonal         0.159372      0.233653   \n",
       "21    0.40       200         ransac         0.999956      0.017124   \n",
       "22    0.40       500     orthogonal         0.201178      0.244707   \n",
       "23    0.40       500         ransac         0.999956      0.018497   \n",
       "\n",
       "    ICP Fitness  ICP RMSE  \n",
       "0      0.011215  0.032619  \n",
       "1      0.986166  0.012467  \n",
       "2      0.011783  0.029313  \n",
       "3      0.986166  0.012467  \n",
       "4      0.046171  0.031595  \n",
       "5      0.986166  0.012466  \n",
       "6      0.062099  0.062406  \n",
       "7      0.997731  0.014403  \n",
       "8      0.062055  0.057197  \n",
       "9      0.997818  0.014430  \n",
       "10     0.087017  0.055609  \n",
       "11     0.997731  0.014403  \n",
       "12     0.077766  0.104270  \n",
       "13     0.999607  0.015428  \n",
       "14     0.060964  0.133518  \n",
       "15     0.999607  0.015425  \n",
       "16     0.149640  0.117558  \n",
       "17     0.999607  0.015426  \n",
       "18     0.123456  0.225212  \n",
       "19     0.999956  0.016136  \n",
       "20     0.154571  0.232960  \n",
       "21     0.999956  0.016136  \n",
       "22     0.221863  0.241772  \n",
       "23     0.999956  0.016140  "
      ]
     },
     "execution_count": 7,
     "metadata": {},
     "output_type": "execute_result"
    }
   ],
   "source": [
    "best_transformation, best_idx, results = best_hyper(pcd1, pcd2)\n",
    "results_df = pd.DataFrame(results)\n",
    "results_df"
   ]
  },
  {
   "cell_type": "code",
   "execution_count": 8,
   "metadata": {},
   "outputs": [
    {
     "data": {
      "text/plain": [
       "{'Thresh': 0.05,\n",
       " 'Max Iter': 500,\n",
       " 'Initialization': 'ransac',\n",
       " 'Initial Fitness': 0.9794021383373336,\n",
       " 'Initial RMSE': 0.02184410302852095,\n",
       " 'ICP Fitness': 0.9861662666375737,\n",
       " 'ICP RMSE': 0.012466237826299884}"
      ]
     },
     "execution_count": 8,
     "metadata": {},
     "output_type": "execute_result"
    }
   ],
   "source": [
    "results[best_idx]"
   ]
  },
  {
   "cell_type": "code",
   "execution_count": 9,
   "metadata": {},
   "outputs": [
    {
     "data": {
      "text/plain": [
       "array([[ 9.99999814e-01, -6.09625237e-04, -1.99021302e-05,\n",
       "        -9.19777564e-05],\n",
       "       [ 6.09625052e-04,  9.99999814e-01, -9.31877409e-06,\n",
       "        -8.71820512e-04],\n",
       "       [ 1.99078075e-05,  9.30663952e-06,  1.00000000e+00,\n",
       "        -5.65106777e-07],\n",
       "       [ 0.00000000e+00,  0.00000000e+00,  0.00000000e+00,\n",
       "         1.00000000e+00]])"
      ]
     },
     "execution_count": 9,
     "metadata": {},
     "output_type": "execute_result"
    }
   ],
   "source": [
    "best_transformation"
   ]
  },
  {
   "cell_type": "code",
   "execution_count": 10,
   "metadata": {},
   "outputs": [
    {
     "name": "stdout",
     "output_type": "stream",
     "text": [
      "[Open3D WARNING] [ViewControl] SetViewPoint() failed because window height and width are not set.\n"
     ]
    }
   ],
   "source": [
    "pcd1_transformed = copy.deepcopy(pcd1)\n",
    "pcd1_transformed.transform(best_transformation)\n",
    "\n",
    "pcd1_transformed.paint_uniform_color([1, 0, 0])\n",
    "pcd2.paint_uniform_color([0, 0, 1])\n",
    "\n",
    "o3d.visualization.draw_geometries([pcd1_transformed, pcd2], \n",
    "                                  window_name=\"Transformed Point Cloud\",\n",
    "                                  width=800, height=600)"
   ]
  }
 ],
 "metadata": {
  "kernelspec": {
   "display_name": "Python 3",
   "language": "python",
   "name": "python3"
  },
  "language_info": {
   "codemirror_mode": {
    "name": "ipython",
    "version": 3
   },
   "file_extension": ".py",
   "mimetype": "text/x-python",
   "name": "python",
   "nbconvert_exporter": "python",
   "pygments_lexer": "ipython3",
   "version": "3.11.4"
  }
 },
 "nbformat": 4,
 "nbformat_minor": 2
}
